0,564
0,563
0,561
0,560
0,558
0,557
0,556
0,544
0,543
0,538
0,537
0,533
0,532
0,530
0,542
0,447
0,446
0,445
0,444
0,443
0,548
0,441
0,437
0,436
0,435
33,86
67,6
67,5
67,4
67,3
67,2
67,1
67,0
66,6
66,5
66,4
66,3
66,2
66,1
66,0
65,8
65,7
65,6
65,5
65,4
65,3
65,2
65,1
65,0
64,5
64,4
64,3
64,2
64,1
64,0
63,5
63,4
63,3
63,2
63,1
63,0
62,8
62,7
62,6
62,5
62,4
62,3
62,2
62,1
62,0
14,6
61,4
61,3
61,2
61,1
61,0
60,3
60,2
60,1
60,0
59,4
59,3
59,2
59,1
59,0
0,433
58,5
58,4
58,3
58,2
58,1
58,0
57,5
57,4
57,3
57,2
57,1
57,0
56,9
56,8
56,7
56,6
56,5
56,4
56,3
56,2
56,1
56,0
33,85
0,432
55,3
55,2
55,1
55,0
54,3
54,2
54,1
54,0
53,5
53,4
53,3
53,2
53,1
53,0
52,4
52,3
52,2
52,1
52,0
51,4
51,3
51,2
51,1
51,0
0,468
50,11
50,10
50,9
50,8
50,7
50,6
50,5
50,4
50,3
50,2
50,1
50,0
0,529
0,430
0,429
0,428
0,427
0,426
0,425
0,462
0,424
0,423
0,421
0,420
0,418
0,417
0,416
31,6
30,4
31,4
31,5
0,414
0,412
0,388
25,5
